{
 "cells": [
  {
   "cell_type": "code",
   "execution_count": 151,
   "id": "c786ad09-ecde-4712-980d-55ad1ac03dbb",
   "metadata": {},
   "outputs": [],
   "source": [
    "import matplotlib.pyplot as plt\n",
    "from sklearn.datasets import load_diabetes"
   ]
  },
  {
   "cell_type": "code",
   "execution_count": 152,
   "id": "ee68be79-ae50-4076-8d89-fa81fa4ee4d7",
   "metadata": {},
   "outputs": [],
   "source": [
    "dataset = load_diabetes()"
   ]
  },
  {
   "cell_type": "code",
   "execution_count": 153,
   "id": "71194284-25de-4170-8a28-0bbc8b0a8dd2",
   "metadata": {},
   "outputs": [
    {
     "data": {
      "text/plain": [
       "['age', 'sex', 'bmi', 'bp', 's1', 's2', 's3', 's4', 's5', 's6']"
      ]
     },
     "execution_count": 153,
     "metadata": {},
     "output_type": "execute_result"
    }
   ],
   "source": [
    "dataset.feature_names"
   ]
  },
  {
   "cell_type": "code",
   "execution_count": 154,
   "id": "63642e2a-0788-40db-bc60-81d109a38097",
   "metadata": {},
   "outputs": [
    {
     "data": {
      "text/plain": [
       "array([151.,  75., 141., 206., 135.,  97., 138.,  63., 110., 310., 101.,\n",
       "        69., 179., 185., 118., 171., 166., 144.,  97., 168.,  68.,  49.,\n",
       "        68., 245., 184., 202., 137.,  85., 131., 283., 129.,  59., 341.,\n",
       "        87.,  65., 102., 265., 276., 252.,  90., 100.,  55.,  61.,  92.,\n",
       "       259.,  53., 190., 142.,  75., 142., 155., 225.,  59., 104., 182.,\n",
       "       128.,  52.,  37., 170., 170.,  61., 144.,  52., 128.,  71., 163.,\n",
       "       150.,  97., 160., 178.,  48., 270., 202., 111.,  85.,  42., 170.,\n",
       "       200., 252., 113., 143.,  51.,  52., 210.,  65., 141.,  55., 134.,\n",
       "        42., 111.,  98., 164.,  48.,  96.,  90., 162., 150., 279.,  92.,\n",
       "        83., 128., 102., 302., 198.,  95.,  53., 134., 144., 232.,  81.,\n",
       "       104.,  59., 246., 297., 258., 229., 275., 281., 179., 200., 200.,\n",
       "       173., 180.,  84., 121., 161.,  99., 109., 115., 268., 274., 158.,\n",
       "       107.,  83., 103., 272.,  85., 280., 336., 281., 118., 317., 235.,\n",
       "        60., 174., 259., 178., 128.,  96., 126., 288.,  88., 292.,  71.,\n",
       "       197., 186.,  25.,  84.,  96., 195.,  53., 217., 172., 131., 214.,\n",
       "        59.,  70., 220., 268., 152.,  47.,  74., 295., 101., 151., 127.,\n",
       "       237., 225.,  81., 151., 107.,  64., 138., 185., 265., 101., 137.,\n",
       "       143., 141.,  79., 292., 178.,  91., 116.,  86., 122.,  72., 129.,\n",
       "       142.,  90., 158.,  39., 196., 222., 277.,  99., 196., 202., 155.,\n",
       "        77., 191.,  70.,  73.,  49.,  65., 263., 248., 296., 214., 185.,\n",
       "        78.,  93., 252., 150.,  77., 208.,  77., 108., 160.,  53., 220.,\n",
       "       154., 259.,  90., 246., 124.,  67.,  72., 257., 262., 275., 177.,\n",
       "        71.,  47., 187., 125.,  78.,  51., 258., 215., 303., 243.,  91.,\n",
       "       150., 310., 153., 346.,  63.,  89.,  50.,  39., 103., 308., 116.,\n",
       "       145.,  74.,  45., 115., 264.,  87., 202., 127., 182., 241.,  66.,\n",
       "        94., 283.,  64., 102., 200., 265.,  94., 230., 181., 156., 233.,\n",
       "        60., 219.,  80.,  68., 332., 248.,  84., 200.,  55.,  85.,  89.,\n",
       "        31., 129.,  83., 275.,  65., 198., 236., 253., 124.,  44., 172.,\n",
       "       114., 142., 109., 180., 144., 163., 147.,  97., 220., 190., 109.,\n",
       "       191., 122., 230., 242., 248., 249., 192., 131., 237.,  78., 135.,\n",
       "       244., 199., 270., 164.,  72.,  96., 306.,  91., 214.,  95., 216.,\n",
       "       263., 178., 113., 200., 139., 139.,  88., 148.,  88., 243.,  71.,\n",
       "        77., 109., 272.,  60.,  54., 221.,  90., 311., 281., 182., 321.,\n",
       "        58., 262., 206., 233., 242., 123., 167.,  63., 197.,  71., 168.,\n",
       "       140., 217., 121., 235., 245.,  40.,  52., 104., 132.,  88.,  69.,\n",
       "       219.,  72., 201., 110.,  51., 277.,  63., 118.,  69., 273., 258.,\n",
       "        43., 198., 242., 232., 175.,  93., 168., 275., 293., 281.,  72.,\n",
       "       140., 189., 181., 209., 136., 261., 113., 131., 174., 257.,  55.,\n",
       "        84.,  42., 146., 212., 233.,  91., 111., 152., 120.,  67., 310.,\n",
       "        94., 183.,  66., 173.,  72.,  49.,  64.,  48., 178., 104., 132.,\n",
       "       220.,  57.])"
      ]
     },
     "execution_count": 154,
     "metadata": {},
     "output_type": "execute_result"
    }
   ],
   "source": [
    "dataset.target"
   ]
  },
  {
   "cell_type": "code",
   "execution_count": 155,
   "id": "f0fd815b-636d-4164-b927-9f9a4012f448",
   "metadata": {},
   "outputs": [
    {
     "name": "stdout",
     "output_type": "stream",
     "text": [
      ".. _diabetes_dataset:\n",
      "\n",
      "Diabetes dataset\n",
      "----------------\n",
      "\n",
      "Ten baseline variables, age, sex, body mass index, average blood\n",
      "pressure, and six blood serum measurements were obtained for each of n =\n",
      "442 diabetes patients, as well as the response of interest, a\n",
      "quantitative measure of disease progression one year after baseline.\n",
      "\n",
      "**Data Set Characteristics:**\n",
      "\n",
      ":Number of Instances: 442\n",
      "\n",
      ":Number of Attributes: First 10 columns are numeric predictive values\n",
      "\n",
      ":Target: Column 11 is a quantitative measure of disease progression one year after baseline\n",
      "\n",
      ":Attribute Information:\n",
      "    - age     age in years\n",
      "    - sex\n",
      "    - bmi     body mass index\n",
      "    - bp      average blood pressure\n",
      "    - s1      tc, total serum cholesterol\n",
      "    - s2      ldl, low-density lipoproteins\n",
      "    - s3      hdl, high-density lipoproteins\n",
      "    - s4      tch, total cholesterol / HDL\n",
      "    - s5      ltg, possibly log of serum triglycerides level\n",
      "    - s6      glu, blood sugar level\n",
      "\n",
      "Note: Each of these 10 feature variables have been mean centered and scaled by the standard deviation times the square root of `n_samples` (i.e. the sum of squares of each column totals 1).\n",
      "\n",
      "Source URL:\n",
      "https://www4.stat.ncsu.edu/~boos/var.select/diabetes.html\n",
      "\n",
      "For more information see:\n",
      "Bradley Efron, Trevor Hastie, Iain Johnstone and Robert Tibshirani (2004) \"Least Angle Regression,\" Annals of Statistics (with discussion), 407-499.\n",
      "(https://web.stanford.edu/~hastie/Papers/LARS/LeastAngle_2002.pdf)\n",
      "\n"
     ]
    }
   ],
   "source": [
    "print(dataset.DESCR)"
   ]
  },
  {
   "cell_type": "code",
   "execution_count": 156,
   "id": "1bde9ed3-de9b-460a-99a0-c6812a21b463",
   "metadata": {},
   "outputs": [],
   "source": [
    "import pandas as pd"
   ]
  },
  {
   "cell_type": "code",
   "execution_count": 157,
   "id": "a1524361-c075-407d-8caa-891f19a4d83d",
   "metadata": {},
   "outputs": [],
   "source": [
    "df = pd.DataFrame(dataset.data, columns=['age', 'sex', 'bmi', 'bp', 's1', 's2', 's3', 's4', 's5', 's6'])"
   ]
  },
  {
   "cell_type": "code",
   "execution_count": 158,
   "id": "024725e3-6bae-49e6-ab06-a31e2e49ed3b",
   "metadata": {},
   "outputs": [
    {
     "data": {
      "text/html": [
       "<div>\n",
       "<style scoped>\n",
       "    .dataframe tbody tr th:only-of-type {\n",
       "        vertical-align: middle;\n",
       "    }\n",
       "\n",
       "    .dataframe tbody tr th {\n",
       "        vertical-align: top;\n",
       "    }\n",
       "\n",
       "    .dataframe thead th {\n",
       "        text-align: right;\n",
       "    }\n",
       "</style>\n",
       "<table border=\"1\" class=\"dataframe\">\n",
       "  <thead>\n",
       "    <tr style=\"text-align: right;\">\n",
       "      <th></th>\n",
       "      <th>age</th>\n",
       "      <th>sex</th>\n",
       "      <th>bmi</th>\n",
       "      <th>bp</th>\n",
       "      <th>s1</th>\n",
       "      <th>s2</th>\n",
       "      <th>s3</th>\n",
       "      <th>s4</th>\n",
       "      <th>s5</th>\n",
       "      <th>s6</th>\n",
       "    </tr>\n",
       "  </thead>\n",
       "  <tbody>\n",
       "    <tr>\n",
       "      <th>0</th>\n",
       "      <td>0.038076</td>\n",
       "      <td>0.050680</td>\n",
       "      <td>0.061696</td>\n",
       "      <td>0.021872</td>\n",
       "      <td>-0.044223</td>\n",
       "      <td>-0.034821</td>\n",
       "      <td>-0.043401</td>\n",
       "      <td>-0.002592</td>\n",
       "      <td>0.019907</td>\n",
       "      <td>-0.017646</td>\n",
       "    </tr>\n",
       "    <tr>\n",
       "      <th>1</th>\n",
       "      <td>-0.001882</td>\n",
       "      <td>-0.044642</td>\n",
       "      <td>-0.051474</td>\n",
       "      <td>-0.026328</td>\n",
       "      <td>-0.008449</td>\n",
       "      <td>-0.019163</td>\n",
       "      <td>0.074412</td>\n",
       "      <td>-0.039493</td>\n",
       "      <td>-0.068332</td>\n",
       "      <td>-0.092204</td>\n",
       "    </tr>\n",
       "    <tr>\n",
       "      <th>2</th>\n",
       "      <td>0.085299</td>\n",
       "      <td>0.050680</td>\n",
       "      <td>0.044451</td>\n",
       "      <td>-0.005670</td>\n",
       "      <td>-0.045599</td>\n",
       "      <td>-0.034194</td>\n",
       "      <td>-0.032356</td>\n",
       "      <td>-0.002592</td>\n",
       "      <td>0.002861</td>\n",
       "      <td>-0.025930</td>\n",
       "    </tr>\n",
       "    <tr>\n",
       "      <th>3</th>\n",
       "      <td>-0.089063</td>\n",
       "      <td>-0.044642</td>\n",
       "      <td>-0.011595</td>\n",
       "      <td>-0.036656</td>\n",
       "      <td>0.012191</td>\n",
       "      <td>0.024991</td>\n",
       "      <td>-0.036038</td>\n",
       "      <td>0.034309</td>\n",
       "      <td>0.022688</td>\n",
       "      <td>-0.009362</td>\n",
       "    </tr>\n",
       "    <tr>\n",
       "      <th>4</th>\n",
       "      <td>0.005383</td>\n",
       "      <td>-0.044642</td>\n",
       "      <td>-0.036385</td>\n",
       "      <td>0.021872</td>\n",
       "      <td>0.003935</td>\n",
       "      <td>0.015596</td>\n",
       "      <td>0.008142</td>\n",
       "      <td>-0.002592</td>\n",
       "      <td>-0.031988</td>\n",
       "      <td>-0.046641</td>\n",
       "    </tr>\n",
       "  </tbody>\n",
       "</table>\n",
       "</div>"
      ],
      "text/plain": [
       "        age       sex       bmi        bp        s1        s2        s3        s4        s5        s6\n",
       "0  0.038076  0.050680  0.061696  0.021872 -0.044223 -0.034821 -0.043401 -0.002592  0.019907 -0.017646\n",
       "1 -0.001882 -0.044642 -0.051474 -0.026328 -0.008449 -0.019163  0.074412 -0.039493 -0.068332 -0.092204\n",
       "2  0.085299  0.050680  0.044451 -0.005670 -0.045599 -0.034194 -0.032356 -0.002592  0.002861 -0.025930\n",
       "3 -0.089063 -0.044642 -0.011595 -0.036656  0.012191  0.024991 -0.036038  0.034309  0.022688 -0.009362\n",
       "4  0.005383 -0.044642 -0.036385  0.021872  0.003935  0.015596  0.008142 -0.002592 -0.031988 -0.046641"
      ]
     },
     "execution_count": 158,
     "metadata": {},
     "output_type": "execute_result"
    }
   ],
   "source": [
    "df.head()"
   ]
  },
  {
   "cell_type": "code",
   "execution_count": 159,
   "id": "c4c9dde8-38e7-4b6c-81d0-1c3cd5768c0e",
   "metadata": {},
   "outputs": [],
   "source": [
    "X = df\n",
    "Y = dataset['target']"
   ]
  },
  {
   "cell_type": "code",
   "execution_count": 160,
   "id": "43a23c7d-64bd-4896-b43f-47897baba526",
   "metadata": {},
   "outputs": [],
   "source": [
    "from sklearn.model_selection import train_test_split\n",
    "X_train, X_test, Y_train, Y_test = train_test_split(X,Y, test_size=0.2, random_state=42)"
   ]
  },
  {
   "cell_type": "code",
   "execution_count": 161,
   "id": "a80947fc-4223-4cec-b4fe-efb7e7816960",
   "metadata": {},
   "outputs": [
    {
     "data": {
      "text/html": [
       "<div>\n",
       "<style scoped>\n",
       "    .dataframe tbody tr th:only-of-type {\n",
       "        vertical-align: middle;\n",
       "    }\n",
       "\n",
       "    .dataframe tbody tr th {\n",
       "        vertical-align: top;\n",
       "    }\n",
       "\n",
       "    .dataframe thead th {\n",
       "        text-align: right;\n",
       "    }\n",
       "</style>\n",
       "<table border=\"1\" class=\"dataframe\">\n",
       "  <thead>\n",
       "    <tr style=\"text-align: right;\">\n",
       "      <th></th>\n",
       "      <th>age</th>\n",
       "      <th>sex</th>\n",
       "      <th>bmi</th>\n",
       "      <th>bp</th>\n",
       "      <th>s1</th>\n",
       "      <th>s2</th>\n",
       "      <th>s3</th>\n",
       "      <th>s4</th>\n",
       "      <th>s5</th>\n",
       "      <th>s6</th>\n",
       "    </tr>\n",
       "  </thead>\n",
       "  <tbody>\n",
       "    <tr>\n",
       "      <th>17</th>\n",
       "      <td>0.070769</td>\n",
       "      <td>0.050680</td>\n",
       "      <td>0.012117</td>\n",
       "      <td>0.056301</td>\n",
       "      <td>0.034206</td>\n",
       "      <td>0.049416</td>\n",
       "      <td>-0.039719</td>\n",
       "      <td>0.034309</td>\n",
       "      <td>0.027364</td>\n",
       "      <td>-0.001078</td>\n",
       "    </tr>\n",
       "    <tr>\n",
       "      <th>66</th>\n",
       "      <td>-0.009147</td>\n",
       "      <td>0.050680</td>\n",
       "      <td>-0.018062</td>\n",
       "      <td>-0.033213</td>\n",
       "      <td>-0.020832</td>\n",
       "      <td>0.012152</td>\n",
       "      <td>-0.072854</td>\n",
       "      <td>0.071210</td>\n",
       "      <td>0.000272</td>\n",
       "      <td>0.019633</td>\n",
       "    </tr>\n",
       "    <tr>\n",
       "      <th>137</th>\n",
       "      <td>0.005383</td>\n",
       "      <td>-0.044642</td>\n",
       "      <td>0.049840</td>\n",
       "      <td>0.097615</td>\n",
       "      <td>-0.015328</td>\n",
       "      <td>-0.016345</td>\n",
       "      <td>-0.006584</td>\n",
       "      <td>-0.002592</td>\n",
       "      <td>0.017036</td>\n",
       "      <td>-0.013504</td>\n",
       "    </tr>\n",
       "    <tr>\n",
       "      <th>245</th>\n",
       "      <td>-0.027310</td>\n",
       "      <td>-0.044642</td>\n",
       "      <td>-0.035307</td>\n",
       "      <td>-0.029770</td>\n",
       "      <td>-0.056607</td>\n",
       "      <td>-0.058620</td>\n",
       "      <td>0.030232</td>\n",
       "      <td>-0.039493</td>\n",
       "      <td>-0.049872</td>\n",
       "      <td>-0.129483</td>\n",
       "    </tr>\n",
       "    <tr>\n",
       "      <th>31</th>\n",
       "      <td>-0.023677</td>\n",
       "      <td>-0.044642</td>\n",
       "      <td>-0.065486</td>\n",
       "      <td>-0.081413</td>\n",
       "      <td>-0.038720</td>\n",
       "      <td>-0.053610</td>\n",
       "      <td>0.059685</td>\n",
       "      <td>-0.076395</td>\n",
       "      <td>-0.037129</td>\n",
       "      <td>-0.042499</td>\n",
       "    </tr>\n",
       "  </tbody>\n",
       "</table>\n",
       "</div>"
      ],
      "text/plain": [
       "          age       sex       bmi        bp        s1        s2        s3        s4        s5        s6\n",
       "17   0.070769  0.050680  0.012117  0.056301  0.034206  0.049416 -0.039719  0.034309  0.027364 -0.001078\n",
       "66  -0.009147  0.050680 -0.018062 -0.033213 -0.020832  0.012152 -0.072854  0.071210  0.000272  0.019633\n",
       "137  0.005383 -0.044642  0.049840  0.097615 -0.015328 -0.016345 -0.006584 -0.002592  0.017036 -0.013504\n",
       "245 -0.027310 -0.044642 -0.035307 -0.029770 -0.056607 -0.058620  0.030232 -0.039493 -0.049872 -0.129483\n",
       "31  -0.023677 -0.044642 -0.065486 -0.081413 -0.038720 -0.053610  0.059685 -0.076395 -0.037129 -0.042499"
      ]
     },
     "execution_count": 161,
     "metadata": {},
     "output_type": "execute_result"
    }
   ],
   "source": [
    "X_train.head()"
   ]
  },
  {
   "cell_type": "code",
   "execution_count": 162,
   "id": "7bc3371a-d317-4f09-bfe2-2ca298e7d893",
   "metadata": {},
   "outputs": [
    {
     "data": {
      "text/html": [
       "<div>\n",
       "<style scoped>\n",
       "    .dataframe tbody tr th:only-of-type {\n",
       "        vertical-align: middle;\n",
       "    }\n",
       "\n",
       "    .dataframe tbody tr th {\n",
       "        vertical-align: top;\n",
       "    }\n",
       "\n",
       "    .dataframe thead th {\n",
       "        text-align: right;\n",
       "    }\n",
       "</style>\n",
       "<table border=\"1\" class=\"dataframe\">\n",
       "  <thead>\n",
       "    <tr style=\"text-align: right;\">\n",
       "      <th></th>\n",
       "      <th>age</th>\n",
       "      <th>sex</th>\n",
       "      <th>bmi</th>\n",
       "      <th>bp</th>\n",
       "      <th>s1</th>\n",
       "      <th>s2</th>\n",
       "      <th>s3</th>\n",
       "      <th>s4</th>\n",
       "      <th>s5</th>\n",
       "      <th>s6</th>\n",
       "    </tr>\n",
       "  </thead>\n",
       "  <tbody>\n",
       "    <tr>\n",
       "      <th>age</th>\n",
       "      <td>1.000000</td>\n",
       "      <td>0.171161</td>\n",
       "      <td>0.184695</td>\n",
       "      <td>0.314569</td>\n",
       "      <td>0.270283</td>\n",
       "      <td>0.218952</td>\n",
       "      <td>-0.043783</td>\n",
       "      <td>0.180038</td>\n",
       "      <td>0.268422</td>\n",
       "      <td>0.281806</td>\n",
       "    </tr>\n",
       "    <tr>\n",
       "      <th>sex</th>\n",
       "      <td>0.171161</td>\n",
       "      <td>1.000000</td>\n",
       "      <td>0.033934</td>\n",
       "      <td>0.179283</td>\n",
       "      <td>0.021069</td>\n",
       "      <td>0.120205</td>\n",
       "      <td>-0.355094</td>\n",
       "      <td>0.320490</td>\n",
       "      <td>0.113187</td>\n",
       "      <td>0.165951</td>\n",
       "    </tr>\n",
       "    <tr>\n",
       "      <th>bmi</th>\n",
       "      <td>0.184695</td>\n",
       "      <td>0.033934</td>\n",
       "      <td>1.000000</td>\n",
       "      <td>0.394309</td>\n",
       "      <td>0.266467</td>\n",
       "      <td>0.261560</td>\n",
       "      <td>-0.354655</td>\n",
       "      <td>0.430974</td>\n",
       "      <td>0.468473</td>\n",
       "      <td>0.404928</td>\n",
       "    </tr>\n",
       "    <tr>\n",
       "      <th>bp</th>\n",
       "      <td>0.314569</td>\n",
       "      <td>0.179283</td>\n",
       "      <td>0.394309</td>\n",
       "      <td>1.000000</td>\n",
       "      <td>0.239978</td>\n",
       "      <td>0.161457</td>\n",
       "      <td>-0.120827</td>\n",
       "      <td>0.212785</td>\n",
       "      <td>0.375295</td>\n",
       "      <td>0.374647</td>\n",
       "    </tr>\n",
       "    <tr>\n",
       "      <th>s1</th>\n",
       "      <td>0.270283</td>\n",
       "      <td>0.021069</td>\n",
       "      <td>0.266467</td>\n",
       "      <td>0.239978</td>\n",
       "      <td>1.000000</td>\n",
       "      <td>0.891063</td>\n",
       "      <td>0.053003</td>\n",
       "      <td>0.546840</td>\n",
       "      <td>0.528543</td>\n",
       "      <td>0.330773</td>\n",
       "    </tr>\n",
       "    <tr>\n",
       "      <th>s2</th>\n",
       "      <td>0.218952</td>\n",
       "      <td>0.120205</td>\n",
       "      <td>0.261560</td>\n",
       "      <td>0.161457</td>\n",
       "      <td>0.891063</td>\n",
       "      <td>1.000000</td>\n",
       "      <td>-0.190658</td>\n",
       "      <td>0.654675</td>\n",
       "      <td>0.307139</td>\n",
       "      <td>0.293291</td>\n",
       "    </tr>\n",
       "    <tr>\n",
       "      <th>s3</th>\n",
       "      <td>-0.043783</td>\n",
       "      <td>-0.355094</td>\n",
       "      <td>-0.354655</td>\n",
       "      <td>-0.120827</td>\n",
       "      <td>0.053003</td>\n",
       "      <td>-0.190658</td>\n",
       "      <td>1.000000</td>\n",
       "      <td>-0.736685</td>\n",
       "      <td>-0.372437</td>\n",
       "      <td>-0.288236</td>\n",
       "    </tr>\n",
       "    <tr>\n",
       "      <th>s4</th>\n",
       "      <td>0.180038</td>\n",
       "      <td>0.320490</td>\n",
       "      <td>0.430974</td>\n",
       "      <td>0.212785</td>\n",
       "      <td>0.546840</td>\n",
       "      <td>0.654675</td>\n",
       "      <td>-0.736685</td>\n",
       "      <td>1.000000</td>\n",
       "      <td>0.613472</td>\n",
       "      <td>0.431352</td>\n",
       "    </tr>\n",
       "    <tr>\n",
       "      <th>s5</th>\n",
       "      <td>0.268422</td>\n",
       "      <td>0.113187</td>\n",
       "      <td>0.468473</td>\n",
       "      <td>0.375295</td>\n",
       "      <td>0.528543</td>\n",
       "      <td>0.307139</td>\n",
       "      <td>-0.372437</td>\n",
       "      <td>0.613472</td>\n",
       "      <td>1.000000</td>\n",
       "      <td>0.478967</td>\n",
       "    </tr>\n",
       "    <tr>\n",
       "      <th>s6</th>\n",
       "      <td>0.281806</td>\n",
       "      <td>0.165951</td>\n",
       "      <td>0.404928</td>\n",
       "      <td>0.374647</td>\n",
       "      <td>0.330773</td>\n",
       "      <td>0.293291</td>\n",
       "      <td>-0.288236</td>\n",
       "      <td>0.431352</td>\n",
       "      <td>0.478967</td>\n",
       "      <td>1.000000</td>\n",
       "    </tr>\n",
       "  </tbody>\n",
       "</table>\n",
       "</div>"
      ],
      "text/plain": [
       "          age       sex       bmi        bp        s1        s2        s3        s4        s5        s6\n",
       "age  1.000000  0.171161  0.184695  0.314569  0.270283  0.218952 -0.043783  0.180038  0.268422  0.281806\n",
       "sex  0.171161  1.000000  0.033934  0.179283  0.021069  0.120205 -0.355094  0.320490  0.113187  0.165951\n",
       "bmi  0.184695  0.033934  1.000000  0.394309  0.266467  0.261560 -0.354655  0.430974  0.468473  0.404928\n",
       "bp   0.314569  0.179283  0.394309  1.000000  0.239978  0.161457 -0.120827  0.212785  0.375295  0.374647\n",
       "s1   0.270283  0.021069  0.266467  0.239978  1.000000  0.891063  0.053003  0.546840  0.528543  0.330773\n",
       "s2   0.218952  0.120205  0.261560  0.161457  0.891063  1.000000 -0.190658  0.654675  0.307139  0.293291\n",
       "s3  -0.043783 -0.355094 -0.354655 -0.120827  0.053003 -0.190658  1.000000 -0.736685 -0.372437 -0.288236\n",
       "s4   0.180038  0.320490  0.430974  0.212785  0.546840  0.654675 -0.736685  1.000000  0.613472  0.431352\n",
       "s5   0.268422  0.113187  0.468473  0.375295  0.528543  0.307139 -0.372437  0.613472  1.000000  0.478967\n",
       "s6   0.281806  0.165951  0.404928  0.374647  0.330773  0.293291 -0.288236  0.431352  0.478967  1.000000"
      ]
     },
     "execution_count": 162,
     "metadata": {},
     "output_type": "execute_result"
    }
   ],
   "source": [
    "X_train.corr()\n"
   ]
  },
  {
   "cell_type": "code",
   "execution_count": 163,
   "id": "772e169c-b364-43d8-b7f9-389416e8588e",
   "metadata": {},
   "outputs": [
    {
     "data": {
      "text/plain": [
       "<Axes: >"
      ]
     },
     "execution_count": 163,
     "metadata": {},
     "output_type": "execute_result"
    },
    {
     "data": {
